areaType,areaName,areaCode,date,newCasesByPublishDate,cumCasesByPublishDate
overview,United Kingdom,K02000001,2020-09-14,2621,371125
overview,United Kingdom,K02000001,2020-09-13,3330,368504
overview,United Kingdom,K02000001,2020-09-12,3497,365174
overview,United Kingdom,K02000001,2020-09-11,3539,361677
overview,United Kingdom,K02000001,2020-09-10,2919,358138
overview,United Kingdom,K02000001,2020-09-09,2659,355219
overview,United Kingdom,K02000001,2020-09-08,2460,352560
overview,United Kingdom,K02000001,2020-09-07,2948,350100
overview,United Kingdom,K02000001,2020-09-06,2988,347152
overview,United Kingdom,K02000001,2020-09-05,1813,344164
overview,United Kingdom,K02000001,2020-09-04,1940,342351
overview,United Kingdom,K02000001,2020-09-03,1735,340411
overview,United Kingdom,K02000001,2020-09-02,1508,338676
overview,United Kingdom,K02000001,2020-09-01,1295,337168
overview,United Kingdom,K02000001,2020-08-31,1406,335873
overview,United Kingdom,K02000001,2020-08-30,1715,334467
overview,United Kingdom,K02000001,2020-08-29,1108,332752
overview,United Kingdom,K02000001,2020-08-28,1276,331644
overview,United Kingdom,K02000001,2020-08-27,1522,330368
overview,United Kingdom,K02000001,2020-08-26,1048,328846
overview,United Kingdom,K02000001,2020-08-25,1184,327798
overview,United Kingdom,K02000001,2020-08-24,853,326614
overview,United Kingdom,K02000001,2020-08-23,1160,325761
overview,United Kingdom,K02000001,2020-08-22,1288,324601
overview,United Kingdom,K02000001,2020-08-21,1033,323313
overview,United Kingdom,K02000001,2020-08-20,1182,322280
overview,United Kingdom,K02000001,2020-08-19,812,321098
overview,United Kingdom,K02000001,2020-08-18,1089,320286
overview,United Kingdom,K02000001,2020-08-17,713,319197
overview,United Kingdom,K02000001,2020-08-16,1040,318484
overview,United Kingdom,K02000001,2020-08-15,1077,317444
overview,United Kingdom,K02000001,2020-08-14,1441,316367
overview,United Kingdom,K02000001,2020-08-13,1129,314927
overview,United Kingdom,K02000001,2020-08-12,1009,313798
overview,United Kingdom,K02000001,2020-08-11,1148,312789
overview,United Kingdom,K02000001,2020-08-10,816,311641
overview,United Kingdom,K02000001,2020-08-09,1062,310825
overview,United Kingdom,K02000001,2020-08-08,758,309763
overview,United Kingdom,K02000001,2020-08-07,871,309005
overview,United Kingdom,K02000001,2020-08-06,950,308134
overview,United Kingdom,K02000001,2020-08-05,892,307184
overview,United Kingdom,K02000001,2020-08-04,670,306293
overview,United Kingdom,K02000001,2020-08-03,938,305623
overview,United Kingdom,K02000001,2020-08-02,743,304685
overview,United Kingdom,K02000001,2020-08-01,761,303942
overview,United Kingdom,K02000001,2020-07-31,880,303181
overview,United Kingdom,K02000001,2020-07-30,846,302301
overview,United Kingdom,K02000001,2020-07-29,763,301455
overview,United Kingdom,K02000001,2020-07-28,581,300692
overview,United Kingdom,K02000001,2020-07-27,685,300111
overview,United Kingdom,K02000001,2020-07-26,747,299426
overview,United Kingdom,K02000001,2020-07-25,767,298681
overview,United Kingdom,K02000001,2020-07-24,768,297914
overview,United Kingdom,K02000001,2020-07-23,769,297146
overview,United Kingdom,K02000001,2020-07-22,560,296377
overview,United Kingdom,K02000001,2020-07-21,445,295817
overview,United Kingdom,K02000001,2020-07-20,580,295372
overview,United Kingdom,K02000001,2020-07-19,726,294792
overview,United Kingdom,K02000001,2020-07-18,827,294066
overview,United Kingdom,K02000001,2020-07-17,687,293239
overview,United Kingdom,K02000001,2020-07-16,642,292552
overview,United Kingdom,K02000001,2020-07-15,538,291911
overview,United Kingdom,K02000001,2020-07-14,398,291373
overview,United Kingdom,K02000001,2020-07-13,530,290133
overview,United Kingdom,K02000001,2020-07-12,650,289603
overview,United Kingdom,K02000001,2020-07-11,820,288953
overview,United Kingdom,K02000001,2020-07-10,512,288133
overview,United Kingdom,K02000001,2020-07-09,642,287621
overview,United Kingdom,K02000001,2020-07-08,630,286979
overview,United Kingdom,K02000001,2020-07-07,581,286349
overview,United Kingdom,K02000001,2020-07-06,352,285768
overview,United Kingdom,K02000001,2020-07-05,516,285416
overview,United Kingdom,K02000001,2020-07-04,624,284900
overview,United Kingdom,K02000001,2020-07-03,544,284276
overview,United Kingdom,K02000001,2020-07-02,576,283757
overview,United Kingdom,K02000001,2020-07-01,829,313483
overview,United Kingdom,K02000001,2020-06-30,689,312654
overview,United Kingdom,K02000001,2020-06-29,815,311965
overview,United Kingdom,K02000001,2020-06-28,901,311151
overview,United Kingdom,K02000001,2020-06-27,890,310250
overview,United Kingdom,K02000001,2020-06-26,1006,309360
overview,United Kingdom,K02000001,2020-06-25,1118,307980
overview,United Kingdom,K02000001,2020-06-24,653,306862
overview,United Kingdom,K02000001,2020-06-23,874,306210
overview,United Kingdom,K02000001,2020-06-22,958,305289
overview,United Kingdom,K02000001,2020-06-21,1221,304331
overview,United Kingdom,K02000001,2020-06-20,1295,303110
overview,United Kingdom,K02000001,2020-06-19,1346,301815
overview,United Kingdom,K02000001,2020-06-18,1218,300469
overview,United Kingdom,K02000001,2020-06-17,1115,299251
overview,United Kingdom,K02000001,2020-06-16,1279,298136
overview,United Kingdom,K02000001,2020-06-15,1056,296857
overview,United Kingdom,K02000001,2020-06-14,1514,295889
overview,United Kingdom,K02000001,2020-06-13,1425,294375
overview,United Kingdom,K02000001,2020-06-12,1541,292950
overview,United Kingdom,K02000001,2020-06-11,1266,291409
overview,United Kingdom,K02000001,2020-06-10,1003,290143
overview,United Kingdom,K02000001,2020-06-09,1387,289140
overview,United Kingdom,K02000001,2020-06-08,1205,287399
overview,United Kingdom,K02000001,2020-06-07,1326,286194
overview,United Kingdom,K02000001,2020-06-06,1557,284868
overview,United Kingdom,K02000001,2020-06-05,1650,283311
overview,United Kingdom,K02000001,2020-06-04,1805,281661
overview,United Kingdom,K02000001,2020-06-03,1871,279856
overview,United Kingdom,K02000001,2020-06-02,1613,277985
overview,United Kingdom,K02000001,2020-06-01,1570,276332
overview,United Kingdom,K02000001,2020-05-31,1936,274762
overview,United Kingdom,K02000001,2020-05-30,2445,272826
overview,United Kingdom,K02000001,2020-05-29,2095,271222
overview,United Kingdom,K02000001,2020-05-28,1887,269127
overview,United Kingdom,K02000001,2020-05-27,2013,267240
overview,United Kingdom,K02000001,2020-05-26,2004,265227
overview,United Kingdom,K02000001,2020-05-25,1625,261184
overview,United Kingdom,K02000001,2020-05-24,2409,259559
overview,United Kingdom,K02000001,2020-05-23,2959,257154
overview,United Kingdom,K02000001,2020-05-22,3287,254195
overview,United Kingdom,K02000001,2020-05-21,2615,250908
overview,United Kingdom,K02000001,2020-05-20,2472,248293
overview,United Kingdom,K02000001,2020-05-19,2412,248818
overview,United Kingdom,K02000001,2020-05-18,2684,246406
overview,United Kingdom,K02000001,2020-05-17,3562,243723
overview,United Kingdom,K02000001,2020-05-16,3451,240161
overview,United Kingdom,K02000001,2020-05-15,3560,236711
overview,United Kingdom,K02000001,2020-05-14,3446,233151
overview,United Kingdom,K02000001,2020-05-13,3242,229705
overview,United Kingdom,K02000001,2020-05-12,3403,226463
overview,United Kingdom,K02000001,2020-05-11,3877,223060
overview,United Kingdom,K02000001,2020-05-10,3923,219183
overview,United Kingdom,K02000001,2020-05-09,3896,215260
overview,United Kingdom,K02000001,2020-05-08,4649,211364
overview,United Kingdom,K02000001,2020-05-07,5614,206715
overview,United Kingdom,K02000001,2020-05-06,6111,201101
overview,United Kingdom,K02000001,2020-05-05,4406,194990
overview,United Kingdom,K02000001,2020-05-04,3985,190584
overview,United Kingdom,K02000001,2020-05-03,4339,186599
overview,United Kingdom,K02000001,2020-05-02,4806,182260
overview,United Kingdom,K02000001,2020-05-01,6201,177454
overview,United Kingdom,K02000001,2020-04-30,6032,171253
overview,United Kingdom,K02000001,2020-04-29,4076,165221
overview,United Kingdom,K02000001,2020-04-28,3996,161145
overview,United Kingdom,K02000001,2020-04-27,4310,157149
overview,United Kingdom,K02000001,2020-04-26,4463,152840
overview,United Kingdom,K02000001,2020-04-25,4913,148377
overview,United Kingdom,K02000001,2020-04-24,5386,143464
overview,United Kingdom,K02000001,2020-04-23,4583,138078
overview,United Kingdom,K02000001,2020-04-22,4451,133495
overview,United Kingdom,K02000001,2020-04-21,4301,129044
overview,United Kingdom,K02000001,2020-04-20,4676,124743
overview,United Kingdom,K02000001,2020-04-19,5850,120067
overview,United Kingdom,K02000001,2020-04-18,5526,114217
overview,United Kingdom,K02000001,2020-04-17,5599,108692
overview,United Kingdom,K02000001,2020-04-16,4618,103093
overview,United Kingdom,K02000001,2020-04-15,4605,98476
overview,United Kingdom,K02000001,2020-04-14,5252,93873
overview,United Kingdom,K02000001,2020-04-13,4342,88621
overview,United Kingdom,K02000001,2020-04-12,5288,84279
overview,United Kingdom,K02000001,2020-04-11,5234,78991
overview,United Kingdom,K02000001,2020-04-10,5706,73758
overview,United Kingdom,K02000001,2020-04-09,4675,68052
overview,United Kingdom,K02000001,2020-04-08,5865,63377
overview,United Kingdom,K02000001,2020-04-07,3888,57512
overview,United Kingdom,K02000001,2020-04-06,4143,53624
overview,United Kingdom,K02000001,2020-04-05,6199,49481
overview,United Kingdom,K02000001,2020-04-04,4000,43282
overview,United Kingdom,K02000001,2020-04-03,4672,39282
overview,United Kingdom,K02000001,2020-04-02,4522,34610
overview,United Kingdom,K02000001,2020-04-01,4567,30088
overview,United Kingdom,K02000001,2020-03-31,3250,25521
overview,United Kingdom,K02000001,2020-03-30,2665,22271
overview,United Kingdom,K02000001,2020-03-29,2502,19606
overview,United Kingdom,K02000001,2020-03-28,2556,17104
overview,United Kingdom,K02000001,2020-03-27,2890,14548
overview,United Kingdom,K02000001,2020-03-26,2129,11658
overview,United Kingdom,K02000001,2020-03-25,1452,9529
overview,United Kingdom,K02000001,2020-03-24,1427,8077
overview,United Kingdom,K02000001,2020-03-23,967,6650
overview,United Kingdom,K02000001,2020-03-22,665,5683
overview,United Kingdom,K02000001,2020-03-21,1035,5018
overview,United Kingdom,K02000001,2020-03-20,714,3983
overview,United Kingdom,K02000001,2020-03-19,643,3269
overview,United Kingdom,K02000001,2020-03-18,676,2626
overview,United Kingdom,K02000001,2020-03-17,407,1950
overview,United Kingdom,K02000001,2020-03-16,152,1543
overview,United Kingdom,K02000001,2020-03-15,330,1391
overview,United Kingdom,K02000001,2020-03-14,264,1061
overview,United Kingdom,K02000001,2020-03-13,207,797
overview,United Kingdom,K02000001,2020-03-12,134,590
overview,United Kingdom,K02000001,2020-03-11,83,456
overview,United Kingdom,K02000001,2020-03-10,52,373
overview,United Kingdom,K02000001,2020-03-09,50,321
overview,United Kingdom,K02000001,2020-03-08,65,271
overview,United Kingdom,K02000001,2020-03-07,46,206
overview,United Kingdom,K02000001,2020-03-06,46,160
overview,United Kingdom,K02000001,2020-03-05,29,114
overview,United Kingdom,K02000001,2020-03-04,34,85
overview,United Kingdom,K02000001,2020-03-03,11,51
overview,United Kingdom,K02000001,2020-03-02,5,40
overview,United Kingdom,K02000001,2020-03-01,12,35
overview,United Kingdom,K02000001,2020-02-29,4,23
overview,United Kingdom,K02000001,2020-02-28,6,19
overview,United Kingdom,K02000001,2020-02-27,0,13
overview,United Kingdom,K02000001,2020-02-26,0,13
overview,United Kingdom,K02000001,2020-02-25,0,13
overview,United Kingdom,K02000001,2020-02-24,4,13
overview,United Kingdom,K02000001,2020-02-23,0,9
overview,United Kingdom,K02000001,2020-02-22,0,9
overview,United Kingdom,K02000001,2020-02-21,0,9
overview,United Kingdom,K02000001,2020-02-20,0,9
overview,United Kingdom,K02000001,2020-02-19,0,9
overview,United Kingdom,K02000001,2020-02-18,0,9
overview,United Kingdom,K02000001,2020-02-17,0,9
overview,United Kingdom,K02000001,2020-02-16,0,9
overview,United Kingdom,K02000001,2020-02-15,0,9
overview,United Kingdom,K02000001,2020-02-14,0,9
overview,United Kingdom,K02000001,2020-02-13,1,9
overview,United Kingdom,K02000001,2020-02-12,0,8
overview,United Kingdom,K02000001,2020-02-11,0,8
overview,United Kingdom,K02000001,2020-02-10,4,8
overview,United Kingdom,K02000001,2020-02-09,1,4
overview,United Kingdom,K02000001,2020-02-08,0,3
overview,United Kingdom,K02000001,2020-02-07,0,3
overview,United Kingdom,K02000001,2020-02-06,1,3
overview,United Kingdom,K02000001,2020-02-05,0,2
overview,United Kingdom,K02000001,2020-02-04,0,2
overview,United Kingdom,K02000001,2020-02-03,0,2
overview,United Kingdom,K02000001,2020-02-02,0,2
overview,United Kingdom,K02000001,2020-02-01,0,2
overview,United Kingdom,K02000001,2020-01-31,2,2
overview,United Kingdom,K02000001,2020-01-30,0,
overview,United Kingdom,K02000001,2020-01-29,0,
overview,United Kingdom,K02000001,2020-01-28,0,
overview,United Kingdom,K02000001,2020-01-27,0,
overview,United Kingdom,K02000001,2020-01-26,0,
overview,United Kingdom,K02000001,2020-01-25,0,
overview,United Kingdom,K02000001,2020-01-24,0,
overview,United Kingdom,K02000001,2020-01-23,0,
overview,United Kingdom,K02000001,2020-01-22,0,
overview,United Kingdom,K02000001,2020-01-21,0,
overview,United Kingdom,K02000001,2020-01-20,0,
overview,United Kingdom,K02000001,2020-01-19,0,
overview,United Kingdom,K02000001,2020-01-18,0,
overview,United Kingdom,K02000001,2020-01-17,0,
overview,United Kingdom,K02000001,2020-01-16,0,
overview,United Kingdom,K02000001,2020-01-15,0,
overview,United Kingdom,K02000001,2020-01-14,0,
overview,United Kingdom,K02000001,2020-01-13,0,
overview,United Kingdom,K02000001,2020-01-12,0,
overview,United Kingdom,K02000001,2020-01-11,0,
overview,United Kingdom,K02000001,2020-01-10,0,
overview,United Kingdom,K02000001,2020-01-09,0,
overview,United Kingdom,K02000001,2020-01-08,0,
overview,United Kingdom,K02000001,2020-01-07,0,
overview,United Kingdom,K02000001,2020-01-06,0,
overview,United Kingdom,K02000001,2020-01-05,0,
overview,United Kingdom,K02000001,2020-01-04,0,
overview,United Kingdom,K02000001,2020-01-03,0,
