areaType,areaName,areaCode,date,newPillarOneTestsByPublishDate,newPillarTwoTestsByPublishDate,newPillarThreeTestsByPublishDate,newPillarFourTestsByPublishDate,newTestsByPublishDate,cumPillarOneTestsByPublishDate,cumPillarTwoTestsByPublishDate,cumPillarThreeTestsByPublishDate,cumPillarFourTestsByPublishDate,cumTestsByPublishDate
overview,United Kingdom,K02000001,2020-09-10,72385,133274,5893,15913,227465,6484675,9661212,1.58625e+06,1.56119e+06,19293329
overview,United Kingdom,K02000001,2020-09-09,63688,123163,6184,16574,209609,6411254,9523615,1.58036e+06,1.54528e+06,19060505
overview,United Kingdom,K02000001,2020-09-08,48888,130364,3797,12643,195692,6346514,9374047,1.57394e+06,1.52871e+06,18823212
overview,United Kingdom,K02000001,2020-09-07,43098,126832,1256,18788,189974,6297611,9243683,1.57015e+06,1.51422e+06,18625666
overview,United Kingdom,K02000001,2020-09-06,54511,111608,2807,22662,191588,6254553,9116851,1.56889e+06,1.492e+06,18432292
overview,United Kingdom,K02000001,2020-09-05,62040,126743,6780,14900,210463,6200042,9005243,1.56609e+06,1.46933e+06,18240704
overview,United Kingdom,K02000001,2020-09-04,58914,122445,6579,18945,206883,6138002,8879551,1.55931e+06,1.45443e+06,18031292
overview,United Kingdom,K02000001,2020-09-03,62197,119575,6078,15371,203221,6078093,8757106,1.55266e+06,1.43549e+06,17823349
overview,United Kingdom,K02000001,2020-09-02,49760,114598,3995,7334,175687,6015665,8637531,1.54658e+06,1.42012e+06,17619897
overview,United Kingdom,K02000001,2020-09-01,39267,119287,1420,21960,181934,5966038,8522933,1.54259e+06,1.41278e+06,17444343
overview,United Kingdom,K02000001,2020-08-31,41083,125788,759,14435,182065,5926771,8403646,1.54117e+06,1.39082e+06,17262409
overview,United Kingdom,K02000001,2020-08-30,44361,126213,2309,10627,183510,5885688,8277858,1.54041e+06,1.37639e+06,17080344
overview,United Kingdom,K02000001,2020-08-29,53267,115417,6886,21641,197211,5841327,8151645,1.5381e+06,1.36576e+06,16896834
overview,United Kingdom,K02000001,2020-08-28,54836,123367,6994,18219,203416,5788060,8035569,1.53122e+06,1.34412e+06,16698964
overview,United Kingdom,K02000001,2020-08-27,58643,125818,6138,18236,208835,5732837,7900579,1.52413e+06,1.3259e+06,16483449
overview,United Kingdom,K02000001,2020-08-26,59359,103799,5682,17660,186500,5672807,7774761,1.51798e+06,1.30766e+06,16273209
overview,United Kingdom,K02000001,2020-08-25,43696,93317,3996,12384,153393,5613279,7649983,1.51229e+06,1.29000e+06,16065561
overview,United Kingdom,K02000001,2020-08-24,41150,114721,821,18517,175209,5569570,7556666,1.5083e+06,1.27762e+06,15912155
overview,United Kingdom,K02000001,2020-08-23,49830,121555,3195,6875,181455,5527808,7441945,1.50748e+06,1.2591e+06,15736334
overview,United Kingdom,K02000001,2020-08-22,56061,124274,7455,3570,191360,5477978,7320390,1.50428e+06,1.25223e+06,15554879
overview,United Kingdom,K02000001,2020-08-21,55361,115266,6590,6716,183933,5421917,7196116,1.49672e+06,1.24866e+06,15363416
overview,United Kingdom,K02000001,2020-08-20,59626,116290,5838,8680,190434,5365745,7080850,1.48871e+06,1.24196e+06,15177265
overview,United Kingdom,K02000001,2020-08-19,59427,93798,5575,4210,163010,5306149,6966008,1.4827e+06,1.23328e+06,14988134
overview,United Kingdom,K02000001,2020-08-18,44720,95888,3910,5656,150174,5246714,6872210,1.47706e+06,1.22907e+06,14825051
overview,United Kingdom,K02000001,2020-08-17,42216,120040,1132,5888,169276,5201976,6776322,1.47313e+06,1.22341e+06,14674841
overview,United Kingdom,K02000001,2020-08-16,52233,122681,2481,5592,182987,5157816,6656282,1.47209e+06,1.21745e+06,14503645
overview,United Kingdom,K02000001,2020-08-15,53832,113927,6630,3568,177957,5105583,6533601,1.46958e+06,1.21186e+06,14320621
overview,United Kingdom,K02000001,2020-08-14,54444,104989,6315,4109,169857,5051751,6419674,1.46294e+06,1.20837e+06,14142736
overview,United Kingdom,K02000001,2020-08-13,58702,109281,6054,10407,184444,4996120,6314685,1.45663e+06,1.20408e+06,13971512
overview,United Kingdom,K02000001,2020-08-12,56755,90779,5978,12799,166311,4935810,6205404,1.45058e+06,1.19351e+06,13785297
overview,United Kingdom,K02000001,2020-08-11,44983,90844,3961,24273,164061,4878926,6114625,1.44453e+06,1.18039e+06,13618470
overview,United Kingdom,K02000001,2020-08-10,43726,109488,1246,11747,166207,4833679,6023445,1.44057e+06,1.15567e+06,13453361
overview,United Kingdom,K02000001,2020-08-09,49344,97482,2598,15752,165176,4789417,5913957,1.43914e+06,1.14384e+06,13286362
overview,United Kingdom,K02000001,2020-08-08,54094,102046,5614,20110,181864,4740073,5816475,1.43654e+06,1.128e+06,13121091
overview,United Kingdom,K02000001,2020-08-07,59113,103600,6272,16995,185980,4685979,5714429,1.43093e+06,1.10764e+06,12938980
overview,United Kingdom,K02000001,2020-08-06,59374,93177,6564,15404,174519,4626141,5610829,1.42466e+06,1.08641e+06,12748043
overview,United Kingdom,K02000001,2020-08-05,56731,84014,6350,16327,163422,4565775,5517652,1.4181e+06,1.07047e+06,12571991
overview,United Kingdom,K02000001,2020-08-04,44861,78430,4537,30838,158666,4508349,5433638,1.41141e+06,1.05375e+06,12407146
overview,United Kingdom,K02000001,2020-08-03,44562,79526,1201,38497,163786,4463488,5355208,1.40687e+06,1.02537e+06,12250937
overview,United Kingdom,K02000001,2020-08-02,46229,84770,2628,28461,162088,4417700,5275682,1.40567e+06,976217,12075267
overview,United Kingdom,K02000001,2020-08-01,51120,95882,6893,36325,190220,4371471,5190912,1.40281e+06,947756,11912950
overview,United Kingdom,K02000001,2020-07-31,54365,99669,7844,44778,206656,4320354,5095030,1.39592e+06,911431,11722733
overview,United Kingdom,K02000001,2020-07-30,55197,88122,7688,14473,165480,4265628,4995361,1.38801e+06,866653,11515652
overview,United Kingdom,K02000001,2020-07-29,55096,75515,7128,17207,154946,4210244,4907239,1.38032e+06,852180,11349983
overview,United Kingdom,K02000001,2020-07-28,43402,38863,5281,11544,99090,4155149,4831724,1.37319e+06,834973,11195038
overview,United Kingdom,K02000001,2020-07-27,40977,63572,1623,7252,113424,4111747,4792861,1.36791e+06,823198,11095717
overview,United Kingdom,K02000001,2020-07-26,46013,88032,3107,5802,142954,4068747,4729289,1.36602e+06,811877,10975936
overview,United Kingdom,K02000001,2020-07-25,48482,92297,9586,6864,157229,4022736,4641257,1.36292e+06,806075,10832984
overview,United Kingdom,K02000001,2020-07-24,51129,83164,9698,8142,152133,3973719,4548960,1.35329e+06,799211,10675176
overview,United Kingdom,K02000001,2020-07-23,54435,77027,9391,6742,147595,3922601,4465796,1.34359e+06,791069,10523054
overview,United Kingdom,K02000001,2020-07-22,52480,69214,9532,11333,142559,3868166,4388769,1.3342e+06,784327,10375459
overview,United Kingdom,K02000001,2020-07-21,43230,40863,7716,9932,101741,3815687,4319555,1.32466e+06,772994,10232901
overview,United Kingdom,K02000001,2020-07-20,39747,62825,1720,20758,125050,3771479,4278692,1.31688e+06,763062,10130116
overview,United Kingdom,K02000001,2020-07-19,42558,89139,3946,4750,140393,3731733,4215866,1.31516e+06,746386,10009148
overview,United Kingdom,K02000001,2020-07-18,49443,107813,12556,7813,177625,3689175,4126728,1.31104e+06,741636,9868579
overview,United Kingdom,K02000001,2020-07-17,50434,98781,13777,2974,165966,3639292,4018915,1.29848e+06,733823,9690514
overview,United Kingdom,K02000001,2020-07-16,53790,75826,13532,8915,152063,3588561,3920134,1.28471e+06,730849,9524251
overview,United Kingdom,K02000001,2020-07-15,53820,58675,13434,6192,132121,3531286,3844308,1.27118e+06,721934,9368703
overview,United Kingdom,K02000001,2020-07-14,41340,33420,11241,11402,97403,3477000,3785633,1.25731e+06,715742,9235686
overview,United Kingdom,K02000001,2020-07-13,34930,51679,2822,12496,101927,3436603,3752213,1.24607e+06,704340,9139226
overview,United Kingdom,K02000001,2020-07-12,46023,78071,8148,2648,134890,3401296,3700534,1.24325e+06,691595,9036673
overview,United Kingdom,K02000001,2020-07-11,47258,80867,18619,8120,154864,3355273,3622463,1.23489e+06,688947,8901570
overview,United Kingdom,K02000001,2020-07-10,47426,84422,21715,8233,161796,3307912,3541596,1.21627e+06,680827,8746603
overview,United Kingdom,K02000001,2020-07-09,51027,69291,22147,10627,153092,3260306,3457174,1.19455e+06,672594,8584627
overview,United Kingdom,K02000001,2020-07-08,49319,51370,18050,7499,126238,3209459,3387883,1.17236e+06,661928,8431626
overview,United Kingdom,K02000001,2020-07-07,40321,23212,15750,15001,94284,3160140,3336513,1.15402e+06,654359,8305032
overview,United Kingdom,K02000001,2020-07-06,37602,39382,3527,16804,97315,3119819,3313301,1.13807e+06,639186,8210372
overview,United Kingdom,K02000001,2020-07-05,40466,52707,10282,22645,126100,3081496,3273919,1.13408e+06,622187,8111677
overview,United Kingdom,K02000001,2020-07-04,46818,67360,30553,27835,172566,3040901,3221213,1.12362e+06,599542,7985271
overview,United Kingdom,K02000001,2020-07-03,46473,65657,27525,29604,169259,2993828,3153853,1.09283e+06,571707,7812218
overview,United Kingdom,K02000001,2020-07-02,49258,63378,29401,15094,157131,2947392,3088196,1.06632e+06,541918,7643831
overview,United Kingdom,K02000001,2020-07-01,47474,49893,26622,20798,144787,2897765,3024818,1.0369e+06,526804,7486285
overview,United Kingdom,K02000001,2020-06-30,39169,23403,22559,20253,105384,2850314,2974925,1.0102e+06,496544,7331986
overview,United Kingdom,K02000001,2020-06-29,30656,33797,5928,19848,90229,2808681,2951522,987644,460799,7208646
overview,United Kingdom,K02000001,2020-06-28,40854,50043,14929,11915,117741,2777265,2917725,981256,433568,7109814
overview,United Kingdom,K02000001,2020-06-27,43839,49553,35711,15825,144928,2736411,2867682,966327,421653,6992073
overview,United Kingdom,K02000001,2020-06-26,42153,51020,36438,25565,155176,2692572,2818129,930616,405828,6847145
overview,United Kingdom,K02000001,2020-06-25,43620,44420,36102,16161,140303,2629977,2743980,894195,380263,6648415
overview,United Kingdom,K02000001,2020-06-24,45784,20972,35006,28918,130680,2586357,2699560,857323,364102,6507342
overview,United Kingdom,K02000001,2020-06-23,36984,22958,26084,16931,102957,2540573,2678588,822058,343330,6384549
overview,United Kingdom,K02000001,2020-06-22,29457,27645,9902,9510,76514,2500489,2655630,795915,326398,6278432
overview,United Kingdom,K02000001,2020-06-21,36118,44446,20426,16981,117971,2470849,2627985,786013,316888,6201735
overview,United Kingdom,K02000001,2020-06-20,40640,46551,41155,5189,133535,2434449,2583539,764585,299907,6082480
overview,United Kingdom,K02000001,2020-06-19,41620,44959,44895,4380,135854,2393809,2536988,722961,294718,5948476
overview,United Kingdom,K02000001,2020-06-18,43035,40829,44082,3685,131631,2348319,2492029,678176,290338,5808862
overview,United Kingdom,K02000001,2020-06-17,42540,36422,39895,3578,122435,2305284,2451200,632146,286653,5675283
overview,United Kingdom,K02000001,2020-06-16,35711,32097,28186,5343,101337,2262744,2414778,592204,283075,5552801
overview,United Kingdom,K02000001,2020-06-15,30700,35988,13452,3825,83965,2227033,2382681,562314,277732,5449760
overview,United Kingdom,K02000001,2020-06-14,37983,58061,21337,3028,120409,2195481,2346693,548794,273907,5364875
overview,United Kingdom,K02000001,2020-06-13,40426,54790,46952,4931,147099,2156643,2288632,525020,270879,5241174
overview,United Kingdom,K02000001,2020-06-12,40058,58855,46491,3940,149344,2115412,2233842,477493,265948,5092695
overview,United Kingdom,K02000001,2020-06-11,43200,54652,42979,4678,145509,2074094,2174987,430461,262008,4941550
overview,United Kingdom,K02000001,2020-06-10,43052,48554,37147,4349,133102,2030819,2120335,386984,257330,4795468
overview,United Kingdom,K02000001,2020-06-09,32206,34563,27978,3698,98445,1987767,2071781,349578,252981,4662107
overview,United Kingdom,K02000001,2020-06-08,30792,52998,16694,3638,104122,1955561,2001765,320871,249283,4527480
overview,United Kingdom,K02000001,2020-06-07,35636,54926,22720,4299,117581,1924659,1948767,303264,245645,4422335
overview,United Kingdom,K02000001,2020-06-06,37693,60974,41619,4723,145009,1888571,1893841,280524,241346,4304282
overview,United Kingdom,K02000001,2020-06-05,39593,55852,42899,5880,144224,1849908,1832867,238522,236014,4157311
overview,United Kingdom,K02000001,2020-06-04,39735,56939,40385,6384,143443,1810315,1777015,194467,230134,4011931
overview,United Kingdom,K02000001,2020-06-03,38163,48104,36013,6903,129183,1770451,1720076,155344,223750,3869621
overview,United Kingdom,K02000001,2020-06-02,29998,34765,30357,6451,101571,1731901,1671972,119088,216847,3739808
overview,United Kingdom,K02000001,2020-06-01,27520,47743,23110,7061,105434,1701944,1637207,88731,210396,3638278
overview,United Kingdom,K02000001,2020-05-31,31755,58112,,7520,97387,1674424,1589464,,202450,3466338
overview,United Kingdom,K02000001,2020-05-30,37085,58465,,11002,106552,1642666,1531352,,194930,3368948
overview,United Kingdom,K02000001,2020-05-29,37933,46701,,18100,102734,1605581,1472887,,183928,3262396
overview,United Kingdom,K02000001,2020-05-28,35670,34659,,12685,83014,1567647,1426186,,165828,3159661
overview,United Kingdom,K02000001,2020-05-27,29708,34057,,14334,78099,1531977,1391527,,153141,3076645
overview,United Kingdom,K02000001,2020-05-26,26780,42601,,9097,78478,1502093,1357470,,138807,2998370
overview,United Kingdom,K02000001,2020-05-25,27475,24369,,7789,59633,1475312,1247364,,127256,2849932
overview,United Kingdom,K02000001,2020-05-24,32230,47672,,12410,92312,1447834,1222995,,119467,2790296
overview,United Kingdom,K02000001,2020-05-23,35915,48145,,8083,92143,1415607,1175323,,107057,2697987
overview,United Kingdom,K02000001,2020-05-22,37728,55670,,14521,107919,1379691,1127178,,98974,2605843
overview,United Kingdom,K02000001,2020-05-21,38296,43107,,6416,87819,1341954,1071508,,84453,2497915
overview,United Kingdom,K02000001,2020-05-20,35196,44457,,8473,88126,1303659,1028401,,78037,2410097
overview,United Kingdom,K02000001,2020-05-19,28835,34193,,9504,72532,1273612,987076,,69564,2330252
overview,United Kingdom,K02000001,2020-05-18,24746,50544,,6851,82141,1244725,952883,,60060,2257668
overview,United Kingdom,K02000001,2020-05-17,31549,56713,,5091,93353,1219979,902339,,53209,2175527
overview,United Kingdom,K02000001,2020-05-16,37324,50722,,5888,93934,1188430,845626,,48118,2082174
overview,United Kingdom,K02000001,2020-05-15,32207,49388,,3571,85166,1151107,794904,,40182,1986193
overview,United Kingdom,K02000001,2020-05-14,31828,48885,,2759,83472,1118887,745516,,36611,1901014
overview,United Kingdom,K02000001,2020-05-13,32077,40291,,2491,74859,1086365,696631,,33852,1816848
overview,United Kingdom,K02000001,2020-05-12,25462,41654,,3244,70360,1054288,656340,,31361,1741989
overview,United Kingdom,K02000001,2020-05-11,26327,47214,,3401,76942,1028743,614686,,28117,1671546
overview,United Kingdom,K02000001,2020-05-10,28412,46174,,2616,77202,1002416,567472,,24716,1594604
overview,United Kingdom,K02000001,2020-05-09,32492,42344,,3056,77892,974004,521298,,22100,1517402
overview,United Kingdom,K02000001,2020-05-08,33588,43153,,2171,78912,941508,478954,,19044,1439506
overview,United Kingdom,K02000001,2020-05-07,32667,40610,,1484,74761,907921,435801,,16873,1360595
overview,United Kingdom,K02000001,2020-05-06,32350,33453,,1641,67444,875253,392801,,15389,1283443
overview,United Kingdom,K02000001,2020-05-05,26866,44898,,1304,73068,842903,359348,,18513,1220764
overview,United Kingdom,K02000001,2020-05-04,25867,42336,,614,68817,814140,314450,,12136,1140726
overview,United Kingdom,K02000001,2020-05-03,28052,35507,,0,63559,788273,272114,,11522,1071909
overview,United Kingdom,K02000001,2020-05-02,39095,35047,,751,74893,760219,236607,,11522,1008348
overview,United Kingdom,K02000001,2020-05-01,39753,43390,,1072,84215,721124,201560,,10771,933455
overview,United Kingdom,K02000001,2020-04-30,32150,33493,,1150,66793,681371,158226,,9699,849296
overview,United Kingdom,K02000001,2020-04-29,23648,21615,,242,45505,647084,124733,,8549,780366
overview,United Kingdom,K02000001,2020-04-28,16440,15013,,1834,33287,623435,103118,,8307,734860
overview,United Kingdom,K02000001,2020-04-27,17968,13642,,0,31610,606882,88105,,6473,701460
overview,United Kingdom,K02000001,2020-04-26,17939,11119,,0,29058,588914,74463,,6473,669850
overview,United Kingdom,K02000001,2020-04-25,21981,6244,,535,28760,570975,63344,,6473,640792
overview,United Kingdom,K02000001,2020-04-24,20365,7659,,508,28532,548993,57100,,5938,612031
overview,United Kingdom,K02000001,2020-04-23,20088,2985,,487,23560,528625,49441,,5430,583496
overview,United Kingdom,K02000001,2020-04-22,20063,2700,,51,22814,508536,46456,,4943,559935
overview,United Kingdom,K02000001,2020-04-21,14908,2457,,605,17970,488473,43756,,4892,537121
overview,United Kingdom,K02000001,2020-04-20,13460,5856,,0,19316,455793,41299,,4287,501379
overview,United Kingdom,K02000001,2020-04-19,16460,4789,,377,21626,442333,35443,,4287,482063
overview,United Kingdom,K02000001,2020-04-18,17308,3773,,308,21389,425873,30654,,3910,460437
overview,United Kingdom,K02000001,2020-04-17,17763,3143,,422,21328,408508,26881,,3602,438991
overview,United Kingdom,K02000001,2020-04-16,16166,2323,,176,18665,390731,23738,,3180,417649
overview,United Kingdom,K02000001,2020-04-15,13950,2041,,3,15994,374497,21415,,3004,398916
overview,United Kingdom,K02000001,2020-04-14,12081,2486,,415,14982,360275,19374,,3001,382650
overview,United Kingdom,K02000001,2020-04-13,12017,2489,,0,14506,348193,16888,,2586,367667
overview,United Kingdom,K02000001,2020-04-12,15020,2630,,350,18000,336176,14399,,2399,352974
overview,United Kingdom,K02000001,2020-04-11,15892,1845,,354,18091,321156,11769,,2049,334974
overview,United Kingdom,K02000001,2020-04-10,17188,1655,,273,19116,305217,9924,,1695,316836
overview,United Kingdom,K02000001,2020-04-09,15194,1249,,0,16443,288119,8628,,1422,298169
overview,United Kingdom,K02000001,2020-04-08,13266,1153,,4,14423,272925,7379,,1422,281726
overview,United Kingdom,K02000001,2020-04-07,12858,826,,91,13775,259659,6226,,1418,267303
overview,United Kingdom,K02000001,2020-04-06,11663,1070,,505,13238,246169,5400,,1327,252896
overview,United Kingdom,K02000001,2020-04-05,15103,796,,181,16080,234506,4330,,822,239658
overview,United Kingdom,K02000001,2020-04-04,13616,677,,336,14629,219403,3534,,641,223578
overview,United Kingdom,K02000001,2020-04-03,12854,603,,166,13623,179190,2857,,305,182352
overview,United Kingdom,K02000001,2020-04-02,11256,668,,23,11947,164844,2254,,139,167237
overview,United Kingdom,K02000001,2020-04-01,11267,629,,,11896,153588,1586,,,155174
